{
 "cells": [
  {
   "cell_type": "markdown",
   "metadata": {},
   "source": [
    "# ASSIGNMENT 2- LINEAR MODELS"
   ]
  },
  {
   "cell_type": "markdown",
   "metadata": {},
   "source": [
    "### Abstract : \n",
    "\n",
    "#### Aim\n",
    "\n",
    "* The main aim of this project is to create predictive linear models using both linear and logistic regression on Personal Loan.Dataset has been taken from https://www.kaggle.com/deyritwik/personal-loan-prediction/data data.The dataset contains 14 features and 5000 observations. \n",
    "\n",
    "##### Column descriptions\n",
    "* ID Customer ID\n",
    "* Age Customer's age in completed years\n",
    "* Experience #years of professional experience\n",
    "* Income Annual income of the customer (USD 1000)\n",
    "* ZIPCode Home Address ZIP code.\n",
    "* Family Family size of the customer\n",
    "* CCAvg Avg. spending on credit cards per month (USD 1000)\n",
    "* Education Education Level. 1: Undergrad; 2: Graduate; 3: Advanced/Professional\n",
    "* Mortgage Value of house mortgage if any. (USD 1000)\n",
    "* Personal Loan- Did this customer accept the personal loan offered in the last campaign?\n",
    "* Securities Account Does the customer have a securities account with the bank?\n",
    "* CD Account Does the customer have a certificate of deposit (CD) account with the bank?\n",
    "* Online Does the customer use internet banking facilities?\n",
    "* CreditCard Does the customer uses a credit card issued by UniversalBank?\n",
    "\n",
    "#### Methods used:\n",
    "\n",
    "1. For Part A:\n",
    "Step wise regression with - Backward elimination\n",
    "2. For Part B:\n",
    "Logistic Regression\n",
    "3. For Part C:\n",
    "VIF factors and Heat map\n",
    "4. For Part D:\n",
    "Interaction and Synergy effects\n",
    "5. For Part E:\n",
    "Linear Regression with Regression Regularization (Ridge Regression)\n",
    "\n",
    "\n",
    "\n",
    "#### Findings/Results\n",
    "\n",
    "1. There are no missing values in the data\n",
    "2. Education is a categorical column which needs to be handled\n",
    "3. Not much collinearity\n",
    "\n",
    "#### Conclusion\n",
    "\n",
    "1. CC Avg is a continuos variable on which we will be performing our linear regression.\n",
    "2. Personal Loan is binary variable where we will be performing Logistic Regression\n"
   ]
  },
  {
   "cell_type": "markdown",
   "metadata": {},
   "source": [
    "\n",
    "### IMPORTING LIBRARIES, DATA CLEANING AND PRE-PROCESSING\n"
   ]
  },
  {
   "cell_type": "code",
   "execution_count": 774,
   "metadata": {
    "collapsed": true
   },
   "outputs": [],
   "source": [
    "# importing libraries\n",
    "%matplotlib inline \n",
    "import matplotlib.pyplot as plt\n",
    "import numpy as np\n",
    "import pandas as pd\n",
    "from scipy import stats\n",
    "import seaborn as sns"
   ]
  },
  {
   "cell_type": "code",
   "execution_count": 775,
   "metadata": {
    "collapsed": true
   },
   "outputs": [],
   "source": [
    "import re\n",
    "from sklearn.preprocessing import LabelEncoder\n",
    "from sklearn.model_selection import train_test_split\n",
    "from sklearn.linear_model import LinearRegression\n",
    "from sklearn.tree import DecisionTreeRegressor\n",
    "from sklearn.ensemble import RandomForestRegressor\n",
    "from sklearn.metrics import mean_squared_error"
   ]
  },
  {
   "cell_type": "code",
   "execution_count": 776,
   "metadata": {
    "collapsed": true
   },
   "outputs": [],
   "source": [
    "from __future__ import print_function\n",
    "%matplotlib inline\n",
    "\n",
    "import statsmodels.api as sm\n",
    "from sklearn import linear_model\n",
    "from statsmodels.formula.api import ols\n",
    "from sklearn.linear_model import LinearRegression, Ridge, Lasso\n",
    "from sklearn.preprocessing import PolynomialFeatures\n",
    "from sklearn.pipeline import make_pipeline\n",
    "import warnings\n",
    "warnings.filterwarnings('ignore')"
   ]
  },
  {
   "cell_type": "code",
   "execution_count": 777,
   "metadata": {
    "collapsed": true
   },
   "outputs": [],
   "source": [
    "# importing the dataset\n",
    "df=pd.read_csv(\"personalloan.csv\", decimal = ',')"
   ]
  },
  {
   "cell_type": "code",
   "execution_count": 778,
   "metadata": {},
   "outputs": [
    {
     "data": {
      "text/html": [
       "<div>\n",
       "<style>\n",
       "    .dataframe thead tr:only-child th {\n",
       "        text-align: right;\n",
       "    }\n",
       "\n",
       "    .dataframe thead th {\n",
       "        text-align: left;\n",
       "    }\n",
       "\n",
       "    .dataframe tbody tr th {\n",
       "        vertical-align: top;\n",
       "    }\n",
       "</style>\n",
       "<table border=\"1\" class=\"dataframe\">\n",
       "  <thead>\n",
       "    <tr style=\"text-align: right;\">\n",
       "      <th></th>\n",
       "      <th>ID</th>\n",
       "      <th>Age</th>\n",
       "      <th>Experience</th>\n",
       "      <th>Income</th>\n",
       "      <th>ZIP Code</th>\n",
       "      <th>Family</th>\n",
       "      <th>CCAvg</th>\n",
       "      <th>Education</th>\n",
       "      <th>Mortgage</th>\n",
       "      <th>Personal Loan</th>\n",
       "      <th>Securities Account</th>\n",
       "      <th>CD Account</th>\n",
       "      <th>Online</th>\n",
       "      <th>CreditCard</th>\n",
       "    </tr>\n",
       "  </thead>\n",
       "  <tbody>\n",
       "    <tr>\n",
       "      <th>0</th>\n",
       "      <td>1</td>\n",
       "      <td>25</td>\n",
       "      <td>1</td>\n",
       "      <td>49</td>\n",
       "      <td>91107</td>\n",
       "      <td>4</td>\n",
       "      <td>1.60</td>\n",
       "      <td>1</td>\n",
       "      <td>0</td>\n",
       "      <td>0</td>\n",
       "      <td>1</td>\n",
       "      <td>0</td>\n",
       "      <td>0</td>\n",
       "      <td>0</td>\n",
       "    </tr>\n",
       "    <tr>\n",
       "      <th>1</th>\n",
       "      <td>2</td>\n",
       "      <td>45</td>\n",
       "      <td>19</td>\n",
       "      <td>34</td>\n",
       "      <td>90089</td>\n",
       "      <td>3</td>\n",
       "      <td>1.50</td>\n",
       "      <td>1</td>\n",
       "      <td>0</td>\n",
       "      <td>0</td>\n",
       "      <td>1</td>\n",
       "      <td>0</td>\n",
       "      <td>0</td>\n",
       "      <td>0</td>\n",
       "    </tr>\n",
       "    <tr>\n",
       "      <th>2</th>\n",
       "      <td>3</td>\n",
       "      <td>39</td>\n",
       "      <td>15</td>\n",
       "      <td>11</td>\n",
       "      <td>94720</td>\n",
       "      <td>1</td>\n",
       "      <td>1.00</td>\n",
       "      <td>1</td>\n",
       "      <td>0</td>\n",
       "      <td>0</td>\n",
       "      <td>0</td>\n",
       "      <td>0</td>\n",
       "      <td>0</td>\n",
       "      <td>0</td>\n",
       "    </tr>\n",
       "    <tr>\n",
       "      <th>3</th>\n",
       "      <td>4</td>\n",
       "      <td>35</td>\n",
       "      <td>9</td>\n",
       "      <td>100</td>\n",
       "      <td>94112</td>\n",
       "      <td>1</td>\n",
       "      <td>2.70</td>\n",
       "      <td>2</td>\n",
       "      <td>0</td>\n",
       "      <td>0</td>\n",
       "      <td>0</td>\n",
       "      <td>0</td>\n",
       "      <td>0</td>\n",
       "      <td>0</td>\n",
       "    </tr>\n",
       "    <tr>\n",
       "      <th>4</th>\n",
       "      <td>5</td>\n",
       "      <td>35</td>\n",
       "      <td>8</td>\n",
       "      <td>45</td>\n",
       "      <td>91330</td>\n",
       "      <td>4</td>\n",
       "      <td>1.00</td>\n",
       "      <td>2</td>\n",
       "      <td>0</td>\n",
       "      <td>0</td>\n",
       "      <td>0</td>\n",
       "      <td>0</td>\n",
       "      <td>0</td>\n",
       "      <td>1</td>\n",
       "    </tr>\n",
       "  </tbody>\n",
       "</table>\n",
       "</div>"
      ],
      "text/plain": [
       "   ID  Age  Experience  Income  ZIP Code  Family CCAvg  Education  Mortgage  \\\n",
       "0   1   25           1      49     91107       4  1.60          1         0   \n",
       "1   2   45          19      34     90089       3  1.50          1         0   \n",
       "2   3   39          15      11     94720       1  1.00          1         0   \n",
       "3   4   35           9     100     94112       1  2.70          2         0   \n",
       "4   5   35           8      45     91330       4  1.00          2         0   \n",
       "\n",
       "   Personal Loan  Securities Account  CD Account  Online  CreditCard  \n",
       "0              0                   1           0       0           0  \n",
       "1              0                   1           0       0           0  \n",
       "2              0                   0           0       0           0  \n",
       "3              0                   0           0       0           0  \n",
       "4              0                   0           0       0           1  "
      ]
     },
     "execution_count": 778,
     "metadata": {},
     "output_type": "execute_result"
    }
   ],
   "source": [
    "df.head()"
   ]
  },
  {
   "cell_type": "code",
   "execution_count": 779,
   "metadata": {},
   "outputs": [
    {
     "data": {
      "text/plain": [
       "(5000, 14)"
      ]
     },
     "execution_count": 779,
     "metadata": {},
     "output_type": "execute_result"
    }
   ],
   "source": [
    "df.shape"
   ]
  },
  {
   "cell_type": "code",
   "execution_count": 780,
   "metadata": {},
   "outputs": [
    {
     "data": {
      "text/html": [
       "<div>\n",
       "<style>\n",
       "    .dataframe thead tr:only-child th {\n",
       "        text-align: right;\n",
       "    }\n",
       "\n",
       "    .dataframe thead th {\n",
       "        text-align: left;\n",
       "    }\n",
       "\n",
       "    .dataframe tbody tr th {\n",
       "        vertical-align: top;\n",
       "    }\n",
       "</style>\n",
       "<table border=\"1\" class=\"dataframe\">\n",
       "  <thead>\n",
       "    <tr style=\"text-align: right;\">\n",
       "      <th></th>\n",
       "      <th>ID</th>\n",
       "      <th>Age</th>\n",
       "      <th>Experience</th>\n",
       "      <th>Income</th>\n",
       "      <th>ZIP Code</th>\n",
       "      <th>Family</th>\n",
       "      <th>Education</th>\n",
       "      <th>Mortgage</th>\n",
       "      <th>Personal Loan</th>\n",
       "      <th>Securities Account</th>\n",
       "      <th>CD Account</th>\n",
       "      <th>Online</th>\n",
       "      <th>CreditCard</th>\n",
       "    </tr>\n",
       "  </thead>\n",
       "  <tbody>\n",
       "    <tr>\n",
       "      <th>ID</th>\n",
       "      <td>1.000000</td>\n",
       "      <td>-0.008473</td>\n",
       "      <td>-0.008326</td>\n",
       "      <td>-0.017695</td>\n",
       "      <td>0.013432</td>\n",
       "      <td>-0.016797</td>\n",
       "      <td>0.021463</td>\n",
       "      <td>-0.013920</td>\n",
       "      <td>-0.024801</td>\n",
       "      <td>-0.016972</td>\n",
       "      <td>-0.006909</td>\n",
       "      <td>-0.002528</td>\n",
       "      <td>0.017028</td>\n",
       "    </tr>\n",
       "    <tr>\n",
       "      <th>Age</th>\n",
       "      <td>-0.008473</td>\n",
       "      <td>1.000000</td>\n",
       "      <td>0.994215</td>\n",
       "      <td>-0.055269</td>\n",
       "      <td>-0.029216</td>\n",
       "      <td>-0.046418</td>\n",
       "      <td>0.041334</td>\n",
       "      <td>-0.012539</td>\n",
       "      <td>-0.007726</td>\n",
       "      <td>-0.000436</td>\n",
       "      <td>0.008043</td>\n",
       "      <td>0.013702</td>\n",
       "      <td>0.007681</td>\n",
       "    </tr>\n",
       "    <tr>\n",
       "      <th>Experience</th>\n",
       "      <td>-0.008326</td>\n",
       "      <td>0.994215</td>\n",
       "      <td>1.000000</td>\n",
       "      <td>-0.046574</td>\n",
       "      <td>-0.028626</td>\n",
       "      <td>-0.052563</td>\n",
       "      <td>0.013152</td>\n",
       "      <td>-0.010582</td>\n",
       "      <td>-0.007413</td>\n",
       "      <td>-0.001232</td>\n",
       "      <td>0.010353</td>\n",
       "      <td>0.013898</td>\n",
       "      <td>0.008967</td>\n",
       "    </tr>\n",
       "    <tr>\n",
       "      <th>Income</th>\n",
       "      <td>-0.017695</td>\n",
       "      <td>-0.055269</td>\n",
       "      <td>-0.046574</td>\n",
       "      <td>1.000000</td>\n",
       "      <td>-0.016410</td>\n",
       "      <td>-0.157501</td>\n",
       "      <td>-0.187524</td>\n",
       "      <td>0.206806</td>\n",
       "      <td>0.502462</td>\n",
       "      <td>-0.002616</td>\n",
       "      <td>0.169738</td>\n",
       "      <td>0.014206</td>\n",
       "      <td>-0.002385</td>\n",
       "    </tr>\n",
       "    <tr>\n",
       "      <th>ZIP Code</th>\n",
       "      <td>0.013432</td>\n",
       "      <td>-0.029216</td>\n",
       "      <td>-0.028626</td>\n",
       "      <td>-0.016410</td>\n",
       "      <td>1.000000</td>\n",
       "      <td>0.011778</td>\n",
       "      <td>-0.017377</td>\n",
       "      <td>0.007383</td>\n",
       "      <td>0.000107</td>\n",
       "      <td>0.004704</td>\n",
       "      <td>0.019972</td>\n",
       "      <td>0.016990</td>\n",
       "      <td>0.007691</td>\n",
       "    </tr>\n",
       "    <tr>\n",
       "      <th>Family</th>\n",
       "      <td>-0.016797</td>\n",
       "      <td>-0.046418</td>\n",
       "      <td>-0.052563</td>\n",
       "      <td>-0.157501</td>\n",
       "      <td>0.011778</td>\n",
       "      <td>1.000000</td>\n",
       "      <td>0.064929</td>\n",
       "      <td>-0.020445</td>\n",
       "      <td>0.061367</td>\n",
       "      <td>0.019994</td>\n",
       "      <td>0.014110</td>\n",
       "      <td>0.010354</td>\n",
       "      <td>0.011588</td>\n",
       "    </tr>\n",
       "    <tr>\n",
       "      <th>Education</th>\n",
       "      <td>0.021463</td>\n",
       "      <td>0.041334</td>\n",
       "      <td>0.013152</td>\n",
       "      <td>-0.187524</td>\n",
       "      <td>-0.017377</td>\n",
       "      <td>0.064929</td>\n",
       "      <td>1.000000</td>\n",
       "      <td>-0.033327</td>\n",
       "      <td>0.136722</td>\n",
       "      <td>-0.010812</td>\n",
       "      <td>0.013934</td>\n",
       "      <td>-0.015004</td>\n",
       "      <td>-0.011014</td>\n",
       "    </tr>\n",
       "    <tr>\n",
       "      <th>Mortgage</th>\n",
       "      <td>-0.013920</td>\n",
       "      <td>-0.012539</td>\n",
       "      <td>-0.010582</td>\n",
       "      <td>0.206806</td>\n",
       "      <td>0.007383</td>\n",
       "      <td>-0.020445</td>\n",
       "      <td>-0.033327</td>\n",
       "      <td>1.000000</td>\n",
       "      <td>0.142095</td>\n",
       "      <td>-0.005411</td>\n",
       "      <td>0.089311</td>\n",
       "      <td>-0.005995</td>\n",
       "      <td>-0.007231</td>\n",
       "    </tr>\n",
       "    <tr>\n",
       "      <th>Personal Loan</th>\n",
       "      <td>-0.024801</td>\n",
       "      <td>-0.007726</td>\n",
       "      <td>-0.007413</td>\n",
       "      <td>0.502462</td>\n",
       "      <td>0.000107</td>\n",
       "      <td>0.061367</td>\n",
       "      <td>0.136722</td>\n",
       "      <td>0.142095</td>\n",
       "      <td>1.000000</td>\n",
       "      <td>0.021954</td>\n",
       "      <td>0.316355</td>\n",
       "      <td>0.006278</td>\n",
       "      <td>0.002802</td>\n",
       "    </tr>\n",
       "    <tr>\n",
       "      <th>Securities Account</th>\n",
       "      <td>-0.016972</td>\n",
       "      <td>-0.000436</td>\n",
       "      <td>-0.001232</td>\n",
       "      <td>-0.002616</td>\n",
       "      <td>0.004704</td>\n",
       "      <td>0.019994</td>\n",
       "      <td>-0.010812</td>\n",
       "      <td>-0.005411</td>\n",
       "      <td>0.021954</td>\n",
       "      <td>1.000000</td>\n",
       "      <td>0.317034</td>\n",
       "      <td>0.012627</td>\n",
       "      <td>-0.015028</td>\n",
       "    </tr>\n",
       "    <tr>\n",
       "      <th>CD Account</th>\n",
       "      <td>-0.006909</td>\n",
       "      <td>0.008043</td>\n",
       "      <td>0.010353</td>\n",
       "      <td>0.169738</td>\n",
       "      <td>0.019972</td>\n",
       "      <td>0.014110</td>\n",
       "      <td>0.013934</td>\n",
       "      <td>0.089311</td>\n",
       "      <td>0.316355</td>\n",
       "      <td>0.317034</td>\n",
       "      <td>1.000000</td>\n",
       "      <td>0.175880</td>\n",
       "      <td>0.278644</td>\n",
       "    </tr>\n",
       "    <tr>\n",
       "      <th>Online</th>\n",
       "      <td>-0.002528</td>\n",
       "      <td>0.013702</td>\n",
       "      <td>0.013898</td>\n",
       "      <td>0.014206</td>\n",
       "      <td>0.016990</td>\n",
       "      <td>0.010354</td>\n",
       "      <td>-0.015004</td>\n",
       "      <td>-0.005995</td>\n",
       "      <td>0.006278</td>\n",
       "      <td>0.012627</td>\n",
       "      <td>0.175880</td>\n",
       "      <td>1.000000</td>\n",
       "      <td>0.004210</td>\n",
       "    </tr>\n",
       "    <tr>\n",
       "      <th>CreditCard</th>\n",
       "      <td>0.017028</td>\n",
       "      <td>0.007681</td>\n",
       "      <td>0.008967</td>\n",
       "      <td>-0.002385</td>\n",
       "      <td>0.007691</td>\n",
       "      <td>0.011588</td>\n",
       "      <td>-0.011014</td>\n",
       "      <td>-0.007231</td>\n",
       "      <td>0.002802</td>\n",
       "      <td>-0.015028</td>\n",
       "      <td>0.278644</td>\n",
       "      <td>0.004210</td>\n",
       "      <td>1.000000</td>\n",
       "    </tr>\n",
       "  </tbody>\n",
       "</table>\n",
       "</div>"
      ],
      "text/plain": [
       "                          ID       Age  Experience    Income  ZIP Code  \\\n",
       "ID                  1.000000 -0.008473   -0.008326 -0.017695  0.013432   \n",
       "Age                -0.008473  1.000000    0.994215 -0.055269 -0.029216   \n",
       "Experience         -0.008326  0.994215    1.000000 -0.046574 -0.028626   \n",
       "Income             -0.017695 -0.055269   -0.046574  1.000000 -0.016410   \n",
       "ZIP Code            0.013432 -0.029216   -0.028626 -0.016410  1.000000   \n",
       "Family             -0.016797 -0.046418   -0.052563 -0.157501  0.011778   \n",
       "Education           0.021463  0.041334    0.013152 -0.187524 -0.017377   \n",
       "Mortgage           -0.013920 -0.012539   -0.010582  0.206806  0.007383   \n",
       "Personal Loan      -0.024801 -0.007726   -0.007413  0.502462  0.000107   \n",
       "Securities Account -0.016972 -0.000436   -0.001232 -0.002616  0.004704   \n",
       "CD Account         -0.006909  0.008043    0.010353  0.169738  0.019972   \n",
       "Online             -0.002528  0.013702    0.013898  0.014206  0.016990   \n",
       "CreditCard          0.017028  0.007681    0.008967 -0.002385  0.007691   \n",
       "\n",
       "                      Family  Education  Mortgage  Personal Loan  \\\n",
       "ID                 -0.016797   0.021463 -0.013920      -0.024801   \n",
       "Age                -0.046418   0.041334 -0.012539      -0.007726   \n",
       "Experience         -0.052563   0.013152 -0.010582      -0.007413   \n",
       "Income             -0.157501  -0.187524  0.206806       0.502462   \n",
       "ZIP Code            0.011778  -0.017377  0.007383       0.000107   \n",
       "Family              1.000000   0.064929 -0.020445       0.061367   \n",
       "Education           0.064929   1.000000 -0.033327       0.136722   \n",
       "Mortgage           -0.020445  -0.033327  1.000000       0.142095   \n",
       "Personal Loan       0.061367   0.136722  0.142095       1.000000   \n",
       "Securities Account  0.019994  -0.010812 -0.005411       0.021954   \n",
       "CD Account          0.014110   0.013934  0.089311       0.316355   \n",
       "Online              0.010354  -0.015004 -0.005995       0.006278   \n",
       "CreditCard          0.011588  -0.011014 -0.007231       0.002802   \n",
       "\n",
       "                    Securities Account  CD Account    Online  CreditCard  \n",
       "ID                           -0.016972   -0.006909 -0.002528    0.017028  \n",
       "Age                          -0.000436    0.008043  0.013702    0.007681  \n",
       "Experience                   -0.001232    0.010353  0.013898    0.008967  \n",
       "Income                       -0.002616    0.169738  0.014206   -0.002385  \n",
       "ZIP Code                      0.004704    0.019972  0.016990    0.007691  \n",
       "Family                        0.019994    0.014110  0.010354    0.011588  \n",
       "Education                    -0.010812    0.013934 -0.015004   -0.011014  \n",
       "Mortgage                     -0.005411    0.089311 -0.005995   -0.007231  \n",
       "Personal Loan                 0.021954    0.316355  0.006278    0.002802  \n",
       "Securities Account            1.000000    0.317034  0.012627   -0.015028  \n",
       "CD Account                    0.317034    1.000000  0.175880    0.278644  \n",
       "Online                        0.012627    0.175880  1.000000    0.004210  \n",
       "CreditCard                   -0.015028    0.278644  0.004210    1.000000  "
      ]
     },
     "execution_count": 780,
     "metadata": {},
     "output_type": "execute_result"
    }
   ],
   "source": [
    "#finding the correlation between the variables\n",
    "df.corr()"
   ]
  },
  {
   "cell_type": "markdown",
   "metadata": {},
   "source": [
    "#### Handling Categorical Columns\n",
    "\n",
    "* \"Education\" column in our data is a multi categorical column with values 1= Undergrad, 2=Grad, 3=Post grad\n",
    "* Inorder to remove the order of preference for the categories, we created dummy variables for the Education column.\n",
    "* The phenomenon where one or several independent variables predict another is Multi-collinearity. As a result of this the model cannot distinguish between the effects of Dummy variable 1,2 and 3. It won't work properly and this is called Dummy variable trap.\n",
    "* To avoid this trap we drop one dummy variable column. So for N dummy columns, we have N-1 columns retained. \n",
    "* Here we dropped Education_1 and have only Education_2 & Education_3"
   ]
  },
  {
   "cell_type": "code",
   "execution_count": 781,
   "metadata": {
    "collapsed": true
   },
   "outputs": [],
   "source": [
    "df= pd.get_dummies(df,columns =['Education'], drop_first=True)"
   ]
  },
  {
   "cell_type": "code",
   "execution_count": 782,
   "metadata": {},
   "outputs": [
    {
     "data": {
      "text/html": [
       "<div>\n",
       "<style>\n",
       "    .dataframe thead tr:only-child th {\n",
       "        text-align: right;\n",
       "    }\n",
       "\n",
       "    .dataframe thead th {\n",
       "        text-align: left;\n",
       "    }\n",
       "\n",
       "    .dataframe tbody tr th {\n",
       "        vertical-align: top;\n",
       "    }\n",
       "</style>\n",
       "<table border=\"1\" class=\"dataframe\">\n",
       "  <thead>\n",
       "    <tr style=\"text-align: right;\">\n",
       "      <th></th>\n",
       "      <th>ID</th>\n",
       "      <th>Age</th>\n",
       "      <th>Experience</th>\n",
       "      <th>Income</th>\n",
       "      <th>ZIP Code</th>\n",
       "      <th>Family</th>\n",
       "      <th>Mortgage</th>\n",
       "      <th>Personal Loan</th>\n",
       "      <th>Securities Account</th>\n",
       "      <th>CD Account</th>\n",
       "      <th>Online</th>\n",
       "      <th>CreditCard</th>\n",
       "      <th>Education_2</th>\n",
       "      <th>Education_3</th>\n",
       "    </tr>\n",
       "  </thead>\n",
       "  <tbody>\n",
       "    <tr>\n",
       "      <th>ID</th>\n",
       "      <td>1.000000</td>\n",
       "      <td>-0.008473</td>\n",
       "      <td>-0.008326</td>\n",
       "      <td>-0.017695</td>\n",
       "      <td>0.013432</td>\n",
       "      <td>-0.016797</td>\n",
       "      <td>-0.013920</td>\n",
       "      <td>-0.024801</td>\n",
       "      <td>-0.016972</td>\n",
       "      <td>-0.006909</td>\n",
       "      <td>-0.002528</td>\n",
       "      <td>0.017028</td>\n",
       "      <td>-0.004722</td>\n",
       "      <td>0.021977</td>\n",
       "    </tr>\n",
       "    <tr>\n",
       "      <th>Age</th>\n",
       "      <td>-0.008473</td>\n",
       "      <td>1.000000</td>\n",
       "      <td>0.994215</td>\n",
       "      <td>-0.055269</td>\n",
       "      <td>-0.029216</td>\n",
       "      <td>-0.046418</td>\n",
       "      <td>-0.012539</td>\n",
       "      <td>-0.007726</td>\n",
       "      <td>-0.000436</td>\n",
       "      <td>0.008043</td>\n",
       "      <td>0.013702</td>\n",
       "      <td>0.007681</td>\n",
       "      <td>-0.016264</td>\n",
       "      <td>0.045838</td>\n",
       "    </tr>\n",
       "    <tr>\n",
       "      <th>Experience</th>\n",
       "      <td>-0.008326</td>\n",
       "      <td>0.994215</td>\n",
       "      <td>1.000000</td>\n",
       "      <td>-0.046574</td>\n",
       "      <td>-0.028626</td>\n",
       "      <td>-0.052563</td>\n",
       "      <td>-0.010582</td>\n",
       "      <td>-0.007413</td>\n",
       "      <td>-0.001232</td>\n",
       "      <td>0.010353</td>\n",
       "      <td>0.013898</td>\n",
       "      <td>0.008967</td>\n",
       "      <td>-0.018197</td>\n",
       "      <td>0.020967</td>\n",
       "    </tr>\n",
       "    <tr>\n",
       "      <th>Income</th>\n",
       "      <td>-0.017695</td>\n",
       "      <td>-0.055269</td>\n",
       "      <td>-0.046574</td>\n",
       "      <td>1.000000</td>\n",
       "      <td>-0.016410</td>\n",
       "      <td>-0.157501</td>\n",
       "      <td>0.206806</td>\n",
       "      <td>0.502462</td>\n",
       "      <td>-0.002616</td>\n",
       "      <td>0.169738</td>\n",
       "      <td>0.014206</td>\n",
       "      <td>-0.002385</td>\n",
       "      <td>-0.128364</td>\n",
       "      <td>-0.108878</td>\n",
       "    </tr>\n",
       "    <tr>\n",
       "      <th>ZIP Code</th>\n",
       "      <td>0.013432</td>\n",
       "      <td>-0.029216</td>\n",
       "      <td>-0.028626</td>\n",
       "      <td>-0.016410</td>\n",
       "      <td>1.000000</td>\n",
       "      <td>0.011778</td>\n",
       "      <td>0.007383</td>\n",
       "      <td>0.000107</td>\n",
       "      <td>0.004704</td>\n",
       "      <td>0.019972</td>\n",
       "      <td>0.016990</td>\n",
       "      <td>0.007691</td>\n",
       "      <td>0.037141</td>\n",
       "      <td>-0.034123</td>\n",
       "    </tr>\n",
       "    <tr>\n",
       "      <th>Family</th>\n",
       "      <td>-0.016797</td>\n",
       "      <td>-0.046418</td>\n",
       "      <td>-0.052563</td>\n",
       "      <td>-0.157501</td>\n",
       "      <td>0.011778</td>\n",
       "      <td>1.000000</td>\n",
       "      <td>-0.020445</td>\n",
       "      <td>0.061367</td>\n",
       "      <td>0.019994</td>\n",
       "      <td>0.014110</td>\n",
       "      <td>0.010354</td>\n",
       "      <td>0.011588</td>\n",
       "      <td>0.139201</td>\n",
       "      <td>-0.008744</td>\n",
       "    </tr>\n",
       "    <tr>\n",
       "      <th>Mortgage</th>\n",
       "      <td>-0.013920</td>\n",
       "      <td>-0.012539</td>\n",
       "      <td>-0.010582</td>\n",
       "      <td>0.206806</td>\n",
       "      <td>0.007383</td>\n",
       "      <td>-0.020445</td>\n",
       "      <td>1.000000</td>\n",
       "      <td>0.142095</td>\n",
       "      <td>-0.005411</td>\n",
       "      <td>0.089311</td>\n",
       "      <td>-0.005995</td>\n",
       "      <td>-0.007231</td>\n",
       "      <td>-0.031806</td>\n",
       "      <td>-0.014942</td>\n",
       "    </tr>\n",
       "    <tr>\n",
       "      <th>Personal Loan</th>\n",
       "      <td>-0.024801</td>\n",
       "      <td>-0.007726</td>\n",
       "      <td>-0.007413</td>\n",
       "      <td>0.502462</td>\n",
       "      <td>0.000107</td>\n",
       "      <td>0.061367</td>\n",
       "      <td>0.142095</td>\n",
       "      <td>1.000000</td>\n",
       "      <td>0.021954</td>\n",
       "      <td>0.316355</td>\n",
       "      <td>0.006278</td>\n",
       "      <td>0.002802</td>\n",
       "      <td>0.071491</td>\n",
       "      <td>0.090212</td>\n",
       "    </tr>\n",
       "    <tr>\n",
       "      <th>Securities Account</th>\n",
       "      <td>-0.016972</td>\n",
       "      <td>-0.000436</td>\n",
       "      <td>-0.001232</td>\n",
       "      <td>-0.002616</td>\n",
       "      <td>0.004704</td>\n",
       "      <td>0.019994</td>\n",
       "      <td>-0.005411</td>\n",
       "      <td>0.021954</td>\n",
       "      <td>1.000000</td>\n",
       "      <td>0.317034</td>\n",
       "      <td>0.012627</td>\n",
       "      <td>-0.015028</td>\n",
       "      <td>0.005134</td>\n",
       "      <td>-0.012421</td>\n",
       "    </tr>\n",
       "    <tr>\n",
       "      <th>CD Account</th>\n",
       "      <td>-0.006909</td>\n",
       "      <td>0.008043</td>\n",
       "      <td>0.010353</td>\n",
       "      <td>0.169738</td>\n",
       "      <td>0.019972</td>\n",
       "      <td>0.014110</td>\n",
       "      <td>0.089311</td>\n",
       "      <td>0.316355</td>\n",
       "      <td>0.317034</td>\n",
       "      <td>1.000000</td>\n",
       "      <td>0.175880</td>\n",
       "      <td>0.278644</td>\n",
       "      <td>0.006089</td>\n",
       "      <td>0.009780</td>\n",
       "    </tr>\n",
       "    <tr>\n",
       "      <th>Online</th>\n",
       "      <td>-0.002528</td>\n",
       "      <td>0.013702</td>\n",
       "      <td>0.013898</td>\n",
       "      <td>0.014206</td>\n",
       "      <td>0.016990</td>\n",
       "      <td>0.010354</td>\n",
       "      <td>-0.005995</td>\n",
       "      <td>0.006278</td>\n",
       "      <td>0.012627</td>\n",
       "      <td>0.175880</td>\n",
       "      <td>1.000000</td>\n",
       "      <td>0.004210</td>\n",
       "      <td>0.020590</td>\n",
       "      <td>-0.023837</td>\n",
       "    </tr>\n",
       "    <tr>\n",
       "      <th>CreditCard</th>\n",
       "      <td>0.017028</td>\n",
       "      <td>0.007681</td>\n",
       "      <td>0.008967</td>\n",
       "      <td>-0.002385</td>\n",
       "      <td>0.007691</td>\n",
       "      <td>0.011588</td>\n",
       "      <td>-0.007231</td>\n",
       "      <td>0.002802</td>\n",
       "      <td>-0.015028</td>\n",
       "      <td>0.278644</td>\n",
       "      <td>0.004210</td>\n",
       "      <td>1.000000</td>\n",
       "      <td>-0.012196</td>\n",
       "      <td>-0.004113</td>\n",
       "    </tr>\n",
       "    <tr>\n",
       "      <th>Education_2</th>\n",
       "      <td>-0.004722</td>\n",
       "      <td>-0.016264</td>\n",
       "      <td>-0.018197</td>\n",
       "      <td>-0.128364</td>\n",
       "      <td>0.037141</td>\n",
       "      <td>0.139201</td>\n",
       "      <td>-0.031806</td>\n",
       "      <td>0.071491</td>\n",
       "      <td>0.005134</td>\n",
       "      <td>0.006089</td>\n",
       "      <td>0.020590</td>\n",
       "      <td>-0.012196</td>\n",
       "      <td>1.000000</td>\n",
       "      <td>-0.409051</td>\n",
       "    </tr>\n",
       "    <tr>\n",
       "      <th>Education_3</th>\n",
       "      <td>0.021977</td>\n",
       "      <td>0.045838</td>\n",
       "      <td>0.020967</td>\n",
       "      <td>-0.108878</td>\n",
       "      <td>-0.034123</td>\n",
       "      <td>-0.008744</td>\n",
       "      <td>-0.014942</td>\n",
       "      <td>0.090212</td>\n",
       "      <td>-0.012421</td>\n",
       "      <td>0.009780</td>\n",
       "      <td>-0.023837</td>\n",
       "      <td>-0.004113</td>\n",
       "      <td>-0.409051</td>\n",
       "      <td>1.000000</td>\n",
       "    </tr>\n",
       "  </tbody>\n",
       "</table>\n",
       "</div>"
      ],
      "text/plain": [
       "                          ID       Age  Experience    Income  ZIP Code  \\\n",
       "ID                  1.000000 -0.008473   -0.008326 -0.017695  0.013432   \n",
       "Age                -0.008473  1.000000    0.994215 -0.055269 -0.029216   \n",
       "Experience         -0.008326  0.994215    1.000000 -0.046574 -0.028626   \n",
       "Income             -0.017695 -0.055269   -0.046574  1.000000 -0.016410   \n",
       "ZIP Code            0.013432 -0.029216   -0.028626 -0.016410  1.000000   \n",
       "Family             -0.016797 -0.046418   -0.052563 -0.157501  0.011778   \n",
       "Mortgage           -0.013920 -0.012539   -0.010582  0.206806  0.007383   \n",
       "Personal Loan      -0.024801 -0.007726   -0.007413  0.502462  0.000107   \n",
       "Securities Account -0.016972 -0.000436   -0.001232 -0.002616  0.004704   \n",
       "CD Account         -0.006909  0.008043    0.010353  0.169738  0.019972   \n",
       "Online             -0.002528  0.013702    0.013898  0.014206  0.016990   \n",
       "CreditCard          0.017028  0.007681    0.008967 -0.002385  0.007691   \n",
       "Education_2        -0.004722 -0.016264   -0.018197 -0.128364  0.037141   \n",
       "Education_3         0.021977  0.045838    0.020967 -0.108878 -0.034123   \n",
       "\n",
       "                      Family  Mortgage  Personal Loan  Securities Account  \\\n",
       "ID                 -0.016797 -0.013920      -0.024801           -0.016972   \n",
       "Age                -0.046418 -0.012539      -0.007726           -0.000436   \n",
       "Experience         -0.052563 -0.010582      -0.007413           -0.001232   \n",
       "Income             -0.157501  0.206806       0.502462           -0.002616   \n",
       "ZIP Code            0.011778  0.007383       0.000107            0.004704   \n",
       "Family              1.000000 -0.020445       0.061367            0.019994   \n",
       "Mortgage           -0.020445  1.000000       0.142095           -0.005411   \n",
       "Personal Loan       0.061367  0.142095       1.000000            0.021954   \n",
       "Securities Account  0.019994 -0.005411       0.021954            1.000000   \n",
       "CD Account          0.014110  0.089311       0.316355            0.317034   \n",
       "Online              0.010354 -0.005995       0.006278            0.012627   \n",
       "CreditCard          0.011588 -0.007231       0.002802           -0.015028   \n",
       "Education_2         0.139201 -0.031806       0.071491            0.005134   \n",
       "Education_3        -0.008744 -0.014942       0.090212           -0.012421   \n",
       "\n",
       "                    CD Account    Online  CreditCard  Education_2  Education_3  \n",
       "ID                   -0.006909 -0.002528    0.017028    -0.004722     0.021977  \n",
       "Age                   0.008043  0.013702    0.007681    -0.016264     0.045838  \n",
       "Experience            0.010353  0.013898    0.008967    -0.018197     0.020967  \n",
       "Income                0.169738  0.014206   -0.002385    -0.128364    -0.108878  \n",
       "ZIP Code              0.019972  0.016990    0.007691     0.037141    -0.034123  \n",
       "Family                0.014110  0.010354    0.011588     0.139201    -0.008744  \n",
       "Mortgage              0.089311 -0.005995   -0.007231    -0.031806    -0.014942  \n",
       "Personal Loan         0.316355  0.006278    0.002802     0.071491     0.090212  \n",
       "Securities Account    0.317034  0.012627   -0.015028     0.005134    -0.012421  \n",
       "CD Account            1.000000  0.175880    0.278644     0.006089     0.009780  \n",
       "Online                0.175880  1.000000    0.004210     0.020590    -0.023837  \n",
       "CreditCard            0.278644  0.004210    1.000000    -0.012196    -0.004113  \n",
       "Education_2           0.006089  0.020590   -0.012196     1.000000    -0.409051  \n",
       "Education_3           0.009780 -0.023837   -0.004113    -0.409051     1.000000  "
      ]
     },
     "execution_count": 782,
     "metadata": {},
     "output_type": "execute_result"
    }
   ],
   "source": [
    "df.corr()"
   ]
  },
  {
   "cell_type": "code",
   "execution_count": 783,
   "metadata": {},
   "outputs": [
    {
     "data": {
      "text/html": [
       "<div>\n",
       "<style>\n",
       "    .dataframe thead tr:only-child th {\n",
       "        text-align: right;\n",
       "    }\n",
       "\n",
       "    .dataframe thead th {\n",
       "        text-align: left;\n",
       "    }\n",
       "\n",
       "    .dataframe tbody tr th {\n",
       "        vertical-align: top;\n",
       "    }\n",
       "</style>\n",
       "<table border=\"1\" class=\"dataframe\">\n",
       "  <thead>\n",
       "    <tr style=\"text-align: right;\">\n",
       "      <th></th>\n",
       "      <th>ID</th>\n",
       "      <th>Age</th>\n",
       "      <th>Experience</th>\n",
       "      <th>Income</th>\n",
       "      <th>ZIP Code</th>\n",
       "      <th>Family</th>\n",
       "      <th>CCAvg</th>\n",
       "      <th>Mortgage</th>\n",
       "      <th>Personal Loan</th>\n",
       "      <th>Securities Account</th>\n",
       "      <th>CD Account</th>\n",
       "      <th>Online</th>\n",
       "      <th>CreditCard</th>\n",
       "      <th>Education_2</th>\n",
       "      <th>Education_3</th>\n",
       "    </tr>\n",
       "  </thead>\n",
       "  <tbody>\n",
       "    <tr>\n",
       "      <th>0</th>\n",
       "      <td>1</td>\n",
       "      <td>25</td>\n",
       "      <td>1</td>\n",
       "      <td>49</td>\n",
       "      <td>91107</td>\n",
       "      <td>4</td>\n",
       "      <td>1.60</td>\n",
       "      <td>0</td>\n",
       "      <td>0</td>\n",
       "      <td>1</td>\n",
       "      <td>0</td>\n",
       "      <td>0</td>\n",
       "      <td>0</td>\n",
       "      <td>0</td>\n",
       "      <td>0</td>\n",
       "    </tr>\n",
       "    <tr>\n",
       "      <th>1</th>\n",
       "      <td>2</td>\n",
       "      <td>45</td>\n",
       "      <td>19</td>\n",
       "      <td>34</td>\n",
       "      <td>90089</td>\n",
       "      <td>3</td>\n",
       "      <td>1.50</td>\n",
       "      <td>0</td>\n",
       "      <td>0</td>\n",
       "      <td>1</td>\n",
       "      <td>0</td>\n",
       "      <td>0</td>\n",
       "      <td>0</td>\n",
       "      <td>0</td>\n",
       "      <td>0</td>\n",
       "    </tr>\n",
       "    <tr>\n",
       "      <th>2</th>\n",
       "      <td>3</td>\n",
       "      <td>39</td>\n",
       "      <td>15</td>\n",
       "      <td>11</td>\n",
       "      <td>94720</td>\n",
       "      <td>1</td>\n",
       "      <td>1.00</td>\n",
       "      <td>0</td>\n",
       "      <td>0</td>\n",
       "      <td>0</td>\n",
       "      <td>0</td>\n",
       "      <td>0</td>\n",
       "      <td>0</td>\n",
       "      <td>0</td>\n",
       "      <td>0</td>\n",
       "    </tr>\n",
       "    <tr>\n",
       "      <th>3</th>\n",
       "      <td>4</td>\n",
       "      <td>35</td>\n",
       "      <td>9</td>\n",
       "      <td>100</td>\n",
       "      <td>94112</td>\n",
       "      <td>1</td>\n",
       "      <td>2.70</td>\n",
       "      <td>0</td>\n",
       "      <td>0</td>\n",
       "      <td>0</td>\n",
       "      <td>0</td>\n",
       "      <td>0</td>\n",
       "      <td>0</td>\n",
       "      <td>1</td>\n",
